k <- 253
t <- c(158, 157, 157, 157, 157, 157, 157, 157, 156, 156, 156, 156, 156, 155, 155, 154, 154, 154, 153, 153, 152, 152, 151, 151, 151, 151, 151, 151, 150, 150, 149, 149, 148, 148, 148, 147, 147, 147, 147, 146, 146, 145, 145, 144, 144, 144, 144, 143, 143, 142, 141, 141, 140, 140, 140, 140, 139, 138, 138, 138, 137, 137, 137, 136, 136, 135, 134, 134, 133, 133, 133, 133, 132, 131, 130, 130, 130, 130, 130, 129, 129, 128, 128, 127, 125, 124, 124, 123, 123, 122, 122, 121, 120, 120, 119, 119, 119, 118, 116, 116, 116, 115, 115, 114, 113, 112, 112, 111, 110, 109, 109, 109, 108, 107, 106, 106, 105, 105, 105, 103, 103, 102, 102, 102, 101, 101, 100, 99, 98, 98, 96, 96, 95, 95, 94, 93, 92, 91, 91, 89, 89, 88, 88, 87, 86, 85, 85, 85, 84, 84, 82, 82, 81, 81, 80, 79, 78, 77, 77, 77, 75, 74, 74, 74, 74, 73, 72, 71, 70, 70, 68, 68, 67, 67, 66, 65, 64, 64, 63, 61, 61, 60, 60, 59, 58, 57, 56, 56, 56, 56, 54, 53, 53, 52, 51, 50, 50, 50, 49, 49, 47, 46, 46, 46, 46, 46, 45, 44, 44, 43, 42, 42, 40, 39, 39, 39, 38, 37, 36, 35, 33, 23, 22, 21, 19, 19, 19, 18, 18, 17, 16, 16, 15, 15, 15, 14, 14, 12, 12, 11, 11, 10, 9, 8, 7, 7, 5, 4, 4, 4, 3, 2, 1)
pollsters <- 11
pollster <- c(9, 11, 2, 1, 10, 5, 6, 3, 8, 1, 5, 10, 4, 1, 7, 1, 11, 9, 1, 5, 1, 5, 1, 9, 1, 3, 10, 8, 1, 2, 10, 1, 1, 4, 7, 1, 11, 6, 9, 1, 5, 1, 8, 9, 1, 5, 3, 10, 1, 1, 1, 7, 1, 11, 9, 6, 1, 8, 1, 5, 9, 1, 3, 1, 2, 1, 1, 7, 1, 11, 6, 9, 1, 1, 8, 9, 1, 5, 3, 10, 1, 1, 7, 9, 1, 8, 5, 1, 3, 9, 1, 1, 1, 7, 10, 9, 11, 1, 9, 1, 3, 1, 5, 1, 1, 11, 9, 5, 1, 8, 9, 1, 1, 1, 1, 7, 11, 6, 9, 1, 10, 9, 1, 8, 1, 2, 1, 1, 11, 9, 1, 8, 9, 1, 1, 1, 1, 11, 9, 1, 9, 1, 8, 1, 1, 5, 1, 10, 11, 9, 1, 8, 9, 1, 1, 1, 1, 11, 9, 6, 1, 10, 9, 1, 8, 1, 1, 1, 11, 9, 1, 8, 9, 1, 1, 1, 1, 9, 11, 1, 8, 9, 1, 1, 1, 1, 5, 10, 9, 11, 1, 9, 1, 1, 1, 1, 6, 7, 11, 9, 1, 1, 10, 9, 1, 8, 1, 1, 2, 1, 11, 9, 1, 9, 1, 7, 1, 1, 1, 9, 8, 8, 1, 9, 5, 1, 8, 9, 1, 1, 1, 6, 1, 2, 7, 10, 9, 1, 10, 9, 1, 1, 1, 1, 11, 9, 1, 8, 9, 1, 1, 1, 1)
n <- c(3917, 3028, 1186, 10307, 1007, 4088, 2023, 3019, 2960, 2148, 1504, 1011, 1009, 1664, 1185, 1789, 1001, 2054, 1967, 2128, 1575, 1117, 1970, 2016, 1729, 1020, 1002, 1956, 1823, 1010, 1005, 1749, 2127, 1013, 1186, 2096, 1003, 1004, 2072, 2271, 1004, 1594, 1964, 2051, 1834, 1205, 1012, 1003, 2060, 1799, 2078, 1199, 1675, 1002, 2048, 1003, 1780, 1955, 1713, 1314, 2048, 1939, 1025, 1894, 1000, 1842, 2444, 1192, 1717, 1003, 1042, 2036, 1887, 1782, 1916, 2020, 1938, 1111, 1013, 1013, 1871, 1672, 1207, 2008, 1906, 1974, 1207, 1583, 1006, 2057, 1678, 1566, 2001, 1197, 1005, 2004, 1004, 1799, 2049, 1698, 1007, 1610, 1007, 2006, 1641, 1003, 2035, 1008, 1532, 1979, 2020, 2293, 1752, 1830, 1683, 1188, 1002, 1001, 2041, 1669, 2002, 2041, 1619, 1947, 1728, 1025, 1598, 1745, 1003, 2026, 1754, 1961, 2063, 1748, 1544, 1701, 1866, 1003, 2056, 1959, 2005, 1638, 1948, 1581, 1520, 1046, 1772, 1004, 1004, 2059, 1568, 1975, 2011, 1564, 1743, 1548, 1580, 1004, 2012, 1000, 1620, 2017, 2055, 1592, 1969, 1764, 1677, 1552, 1003, 2003, 1668, 1947, 2056, 1719, 1749, 1705, 1630, 2040, 1002, 1550, 1975, 2020, 1593, 1548, 1655, 1656, 1014, 1001, 2039, 1001, 1578, 2049, 1640, 1645, 1570, 1747, 1002, 1188, 1004, 2036, 1647, 1763, 2023, 2070, 1660, 1966, 1834, 1782, 1010, 1649, 1002, 2056, 1684, 2046, 1753, 1201, 1707, 1769, 1728, 2046, 1970, 2003, 1642, 2051, 1009, 2109, 1427, 2069, 1981, 2087, 2021, 1001, 1648, 1012, 1180, 1002, 2074, 1941, 2014, 1140, 2088, 1983, 1959, 1925, 1001, 1323, 1838, 1940, 1271, 1663, 1925, 1912, 1763)
con <- c(1332, 999, 427, 3504, 352, 1267, 688, 936, 1036, 730, 496, 354, 343, 549, 391, 608, 320, 698, 669, 660, 520, 369, 670, 665, 588, 326, 331, 685, 638, 354, 352, 595, 744, 355, 403, 692, 361, 351, 684, 727, 331, 526, 668, 656, 605, 398, 314, 361, 680, 630, 707, 384, 570, 341, 655, 341, 587, 704, 582, 447, 676, 659, 338, 644, 330, 608, 807, 405, 567, 331, 406, 672, 642, 588, 690, 626, 678, 344, 314, 344, 636, 552, 362, 622, 648, 651, 374, 586, 332, 658, 604, 548, 700, 395, 362, 681, 361, 576, 635, 611, 342, 547, 322, 702, 558, 331, 631, 302, 506, 712, 626, 803, 578, 622, 555, 392, 311, 360, 694, 567, 661, 592, 534, 643, 588, 338, 527, 611, 341, 648, 596, 667, 640, 542, 525, 612, 653, 341, 658, 666, 622, 541, 662, 522, 532, 293, 585, 341, 321, 659, 517, 691, 623, 500, 558, 511, 506, 301, 624, 360, 518, 645, 637, 494, 650, 564, 553, 528, 341, 661, 534, 623, 637, 550, 595, 563, 538, 632, 311, 496, 632, 687, 542, 511, 563, 563, 314, 310, 693, 320, 505, 656, 508, 543, 502, 559, 301, 368, 291, 713, 511, 547, 668, 662, 531, 550, 587, 570, 333, 528, 341, 658, 539, 675, 578, 336, 546, 584, 536, 696, 630, 581, 525, 718, 303, 675, 414, 703, 594, 689, 667, 280, 527, 324, 330, 291, 705, 621, 665, 388, 668, 654, 627, 655, 300, 437, 588, 563, 419, 516, 616, 612, 564)
lab <- c(1332, 999, 415, 3504, 342, 1267, 708, 996, 1006, 730, 511, 324, 343, 549, 379, 590, 300, 698, 649, 724, 536, 380, 690, 665, 605, 347, 331, 665, 620, 303, 352, 612, 723, 324, 391, 713, 301, 321, 746, 772, 301, 558, 648, 718, 642, 349, 344, 321, 700, 612, 727, 408, 586, 301, 696, 321, 641, 626, 582, 434, 696, 659, 349, 663, 350, 645, 831, 381, 618, 331, 344, 672, 642, 624, 651, 667, 659, 389, 375, 334, 655, 585, 398, 663, 629, 651, 398, 554, 332, 699, 571, 564, 700, 383, 322, 681, 341, 648, 676, 577, 342, 564, 332, 702, 558, 331, 672, 343, 536, 653, 687, 757, 596, 659, 589, 380, 291, 350, 694, 567, 701, 653, 518, 681, 605, 349, 495, 541, 301, 669, 579, 667, 681, 612, 525, 578, 597, 311, 699, 666, 662, 557, 682, 522, 502, 356, 585, 321, 361, 659, 533, 652, 644, 516, 593, 526, 506, 311, 664, 320, 567, 686, 699, 541, 689, 582, 587, 512, 311, 681, 550, 662, 699, 567, 577, 563, 571, 694, 311, 543, 652, 707, 542, 511, 546, 546, 304, 300, 714, 320, 505, 738, 541, 559, 471, 559, 331, 368, 281, 733, 527, 582, 688, 725, 531, 649, 624, 588, 343, 544, 281, 761, 539, 696, 578, 420, 563, 584, 588, 737, 650, 661, 591, 718, 333, 717, 514, 724, 693, 689, 687, 330, 560, 293, 413, 321, 747, 621, 685, 399, 710, 654, 627, 635, 310, 476, 588, 660, 445, 532, 597, 631, 564)
ld <- c(353, 303, 95, 1031, 91, 409, 182, 242, 237, 193, 135, 91, 101, 166, 95, 161, 110, 205, 157, 170, 126, 101, 177, 181, 138, 82, 80, 156, 164, 81, 70, 157, 191, 111, 83, 168, 90, 90, 166, 204, 90, 128, 177, 164, 147, 121, 71, 80, 144, 126, 145, 96, 134, 100, 184, 100, 142, 156, 154, 92, 184, 136, 82, 152, 70, 147, 196, 107, 120, 90, 83, 163, 132, 143, 134, 162, 155, 100, 81, 122, 150, 134, 97, 201, 191, 138, 109, 111, 70, 185, 134, 110, 160, 96, 90, 160, 60, 144, 184, 119, 50, 129, 81, 160, 131, 80, 183, 101, 123, 139, 182, 183, 140, 128, 118, 83, 80, 80, 163, 117, 140, 163, 113, 136, 121, 82, 128, 140, 50, 182, 140, 157, 165, 105, 124, 85, 131, 70, 164, 157, 180, 131, 117, 126, 91, 105, 142, 80, 70, 185, 125, 119, 181, 141, 139, 93, 95, 90, 201, 100, 113, 141, 185, 111, 158, 123, 101, 109, 90, 160, 117, 136, 164, 155, 105, 119, 114, 163, 80, 109, 99, 202, 96, 93, 116, 99, 71, 80, 184, 60, 110, 184, 115, 99, 126, 140, 110, 95, 90, 163, 115, 123, 142, 186, 100, 138, 110, 125, 81, 99, 80, 206, 118, 164, 140, 72, 119, 124, 121, 184, 158, 120, 99, 185, 101, 127, 86, 186, 119, 167, 121, 140, 99, 91, 59, 120, 207, 136, 161, 103, 146, 119, 157, 116, 80, 106, 110, 116, 114, 116, 116, 134, 141)
